#[0]step() [1]time(s) [2]m0_rho(C/m^3*vol) [3]m1_rho_cos(C/m^3*vol) [4]m1_rho_sin(C/m^3*vol) [5]m1_rho_ratio()
0 0.00000000000000e+00 3.22120662750931e+09 2.84342251276174e+06 1.38432226176691e+06 9.81774636584761e-04
32 1.60000000000000e-10 3.22120662750931e+09 2.84334117333265e+06 1.38433237616038e+06 9.81753307592027e-04
64 3.20000000000000e-10 3.22120662750931e+09 2.84308610513146e+06 1.38436601734531e+06 9.81686685834870e-04
96 4.79999999999999e-10 3.22120662750931e+09 2.84265679983480e+06 1.38442895796716e+06 9.81575418166473e-04
128 6.39999999999999e-10 3.22120662750931e+09 2.84204429836148e+06 1.38451725992393e+06 9.81416476193647e-04
160 7.99999999999998e-10 3.22120662750931e+09 2.84127654461962e+06 1.38466996873474e+06 9.81222978892419e-04
192 9.59999999999998e-10 3.22120662750931e+09 2.84033277764273e+06 1.38489580779421e+06 9.80990337541420e-04
224 1.12000000000000e-09 3.22120662750931e+09 2.83927171663474e+06 1.38520958694458e+06 9.80736977200657e-04
256 1.28000000000000e-09 3.22120662750931e+09 2.83807133690127e+06 1.38565211302769e+06 9.80462340350470e-04
288 1.44000000000001e-09 3.22120662750931e+09 2.83675950775819e+06 1.38622142975044e+06 9.80173981946767e-04
320 1.60000000000001e-09 3.22120662750931e+09 2.83536191335820e+06 1.38694727509916e+06 9.79883173342725e-04
352 1.76000000000001e-09 3.22120662750931e+09 2.83386071360304e+06 1.38787938726926e+06 9.79591798675302e-04
384 1.92000000000001e-09 3.22120662750931e+09 2.83222043772543e+06 1.38904860110474e+06 9.79294288531231e-04
416 2.08000000000001e-09 3.22120662750931e+09 2.83062269766635e+06 1.39057174065936e+06 9.79057381264056e-04
448 2.24000000000000e-09 3.22120662750931e+09 2.82897385062229e+06 1.39243252409303e+06 9.78852945371084e-04
480 2.40000000000000e-09 3.22120662750931e+09 2.82725456647732e+06 1.39477864036500e+06 9.78696113774680e-04
512 2.56000000000000e-09 3.22120662750931e+09 2.82542815727236e+06 1.39755828868532e+06 9.78569942816132e-04
544 2.71999999999999e-09 3.22120662750931e+09 2.82358986171014e+06 1.40086215820098e+06 9.78513856412638e-04
576 2.87999999999999e-09 3.22120662750931e+09 2.82173491594677e+06 1.40477960940754e+06 9.78539423978676e-04
608 3.03999999999999e-09 3.22120662750931e+09 2.81989116472296e+06 1.40936146986818e+06 9.78662144817589e-04
640 3.19999999999998e-09 3.22120662750931e+09 2.81805768329605e+06 1.41467173554969e+06 9.78891531971070e-04
672 3.35999999999998e-09 3.22120662750931e+09 2.81621891790565e+06 1.42065888562381e+06 9.79217132115694e-04
704 3.51999999999997e-09 3.22120662750931e+09 2.81443028050569e+06 1.42740999539566e+06 9.79667617190693e-04
736 3.67999999999997e-09 3.22120662750931e+09 2.81276928963152e+06 1.43501672427535e+06 9.80278677605457e-04
768 3.83999999999997e-09 3.22120662750931e+09 2.81124787890828e+06 1.44342325578606e+06 9.81047249850375e-04
800 3.99999999999996e-09 3.22120662750931e+09 2.80979148983927e+06 1.45268312390506e+06 9.81961952615651e-04
832 4.15999999999996e-09 3.22120662750931e+09 2.80853213632022e+06 1.46286728143251e+06 9.83071197292154e-04
864 4.31999999999995e-09 3.22120662750931e+09 2.80740802991010e+06 1.47398984764671e+06 9.84362072342301e-04
896 4.47999999999995e-09 3.22120662750931e+09 2.80637543381284e+06 1.48609431651258e+06 9.85831200204814e-04
928 4.63999999999995e-09 3.22120662750931e+09 2.80541233331049e+06 1.49925011732936e+06 9.87485368688065e-04
960 4.79999999999994e-09 3.22120662750931e+09 2.80443331606868e+06 1.51341981303918e+06 9.89298818011935e-04
992 4.95999999999994e-09 3.22120662750931e+09 2.80343543207950e+06 1.52853327366459e+06 9.91263642578125e-04
1024 5.11999999999994e-09 3.22120662750931e+09 2.80244257329233e+06 1.54460288115287e+06 9.93391452272058e-04
1056 5.27999999999993e-09 3.22120662750931e+09 2.80149964268770e+06 1.56162457016504e+06 9.95697223742538e-04
1088 5.43999999999993e-09 3.22120662750931e+09 2.80060785569981e+06 1.57956541837883e+06 9.98179711883129e-04
1120 5.59999999999992e-09 3.22120662750931e+09 2.79971546384203e+06 1.59841629000902e+06 1.00082699481224e-03
1152 5.75999999999992e-09 3.22120662750931e+09 2.79880678311282e+06 1.61810910329509e+06 1.00362791655633e-03
1184 5.91999999999992e-09 3.22120662750931e+09 2.79791031920327e+06 1.63860954934216e+06 1.00658821467426e-03
1216 6.07999999999991e-09 3.22120662750931e+09 2.79697842932220e+06 1.65988553195536e+06 1.00969342082074e-03
1248 6.23999999999991e-09 3.22120662750931e+09 2.79598575654494e+06 1.68186762812722e+06 1.01292906670247e-03
1280 6.39999999999990e-09 3.22120662750931e+09 2.79486956758649e+06 1.70453223956645e+06 1.01627789805337e-03
1312 6.55999999999990e-09 3.22120662750931e+09 2.79366030164044e+06 1.72778764747560e+06 1.01973628411277e-03
1344 6.71999999999990e-09 3.22120662750931e+09 2.79235192962200e+06 1.75159326325750e+06 1.02329874645826e-03
1376 6.87999999999989e-09 3.22120662750931e+09 2.79092779796133e+06 1.77588963185394e+06 1.02695365541228e-03
1408 7.03999999999989e-09 3.22120662750931e+09 2.78935481817595e+06 1.80053443786263e+06 1.03067082719372e-03
1440 7.19999999999988e-09 3.22120662750931e+09 2.78758430988039e+06 1.82550670145595e+06 1.03443584520425e-03
1472 7.35999999999988e-09 3.22120662750931e+09 2.78561857063477e+06 1.85076770985627e+06 1.03824450679104e-03
1504 7.51999999999989e-09 3.22120662750931e+09 2.78347275884061e+06 1.87622620618224e+06 1.04208653065848e-03
1536 7.67999999999991e-09 3.22120662750931e+09 2.78112843065689e+06 1.90177088763738e+06 1.04593881518095e-03
1568 7.83999999999993e-09 3.22120662750931e+09 2.77858005302776e+06 1.92734233486009e+06 1.04979005691774e-03
1600 7.99999999999996e-09 3.22120662750931e+09 2.77582612240015e+06 1.95280041094840e+06 1.05361518370490e-03
1632 8.15999999999998e-09 3.22120662750931e+09 2.77287725197455e+06 1.97808243726504e+06 1.05740522648345e-03
1664 8.32000000000000e-09 3.22120662750931e+09 2.76964508629329e+06 2.00312405709803e+06 1.06112557109577e-03
1696 8.48000000000002e-09 3.22120662750931e+09 2.76611125199774e+06 2.02783673077464e+06 1.06475471060554e-03
1728 8.64000000000005e-09 3.22120662750931e+09 2.76235121161297e+06 2.05210991131246e+06 1.06829000216437e-03
1760 8.80000000000007e-09 3.22120662750931e+09 2.75837034267417e+06 2.07591553495407e+06 1.07172582104859e-03
1792 8.96000000000009e-09 3.22120662750931e+09 2.75412434680390e+06 2.09929001337123e+06 1.07505627917094e-03
1824 9.12000000000011e-09 3.22120662750931e+09 2.74961070876017e+06 2.12209207705235e+06 1.07825253868117e-03
1856 9.28000000000014e-09 3.22120662750931e+09 2.74474228375036e+06 2.14422864165688e+06 1.08127351353969e-03
1888 9.44000000000016e-09 3.22120662750931e+09 2.73955548241332e+06 2.16575512548125e+06 1.08413673749807e-03
1920 9.60000000000018e-09 3.22120662750931e+09 2.73402046230112e+06 2.18653577509761e+06 1.08680684555793e-03
1952 9.76000000000020e-09 3.22120662750931e+09 2.72813098527238e+06 2.20653426855099e+06 1.08927305888343e-03
1984 9.92000000000023e-09 3.22120662750931e+09 2.72181975067868e+06 2.22572299184549e+06 1.09151156870441e-03
2016 1.00800000000002e-08 3.22120662750931e+09 2.71507716165238e+06 2.24411492364120e+06 1.09352063934386e-03
2048 1.02400000000003e-08 3.22120662750931e+09 2.70794396448624e+06 2.26166889179671e+06 1.09529994787826e-03
2080 1.04000000000003e-08 3.22120662750931e+09 2.70041216009840e+06 2.27837421219265e+06 1.09684343271922e-03
2112 1.05600000000003e-08 3.22120662750931e+09 2.69247958436182e+06 2.29418479044008e+06 1.09813935398442e-03
2144 1.07200000000003e-08 3.22120662750931e+09 2.68412576060095e+06 2.30918246905732e+06 1.09919745343497e-03
2176 1.08800000000004e-08 3.22120662750931e+09 2.67533402456670e+06 2.32337076525903e+06 1.10001294785688e-03
2208 1.10400000000004e-08 3.22120662750931e+09 2.66611859239909e+06 2.33672706380057e+06 1.10058306254035e-03
2240 1.12000000000004e-08 3.22120662750931e+09 2.65646357921605e+06 2.34922509542382e+06 1.10089718926173e-03
2272 1.13600000000004e-08 3.22120662750931e+09 2.64639982678274e+06 2.36085432723224e+06 1.10095881271284e-03
2304 1.15200000000005e-08 3.22120662750931e+09 2.63591144855318e+06 2.37162081589675e+06 1.10076399327804e-03
2336 1.16800000000005e-08 3.22120662750931e+09 2.62493256561252e+06 2.38153947885561e+06 1.10029928921117e-03
2368 1.18400000000005e-08 3.22120662750931e+09 2.61350297142033e+06 2.39062669620252e+06 1.09957611062374e-03
2400 1.20000000000005e-08 3.22120662750931e+09 2.60170340562471e+06 2.39896068773758e+06 1.09862820230110e-03
2432 1.21600000000005e-08 3.22120662750931e+09 2.58950592442533e+06 2.40656324405992e+06 1.09745272886371e-03
2464 1.23200000000006e-08 3.22120662750931e+09 2.57689465187644e+06 2.41344738473213e+06 1.09604793724732e-03
2496 1.24800000000006e-08 3.22120662750931e+09 2.56378742692590e+06 2.41962694818008e+06 1.09439741525103e-03
2528 1.26400000000006e-08 3.22120662750931e+09 2.55022142893861e+06 2.42511471384001e+06 1.09251171515093e-03
2560 1.28000000000006e-08 3.22120662750931e+09 2.53624419936885e+06 2.42996027698290e+06 1.09041156896968e-03
2592 1.29600000000007e-08 3.22120662750931e+09 2.52190301115476e+06 2.43429496990943e+06 1.08813530974642e-03
2624 1.31200000000007e-08 3.22120662750931e+09 2.50724265439684e+06 2.43810885671270e+06 1.08569044821063e-03
2656 1.32800000000007e-08 3.22120662750931e+09 2.49217443708051e+06 2.44151087582445e+06 1.08308055926829e-03
2688 1.34400000000007e-08 3.22120662750931e+09 2.47678189708631e+06 2.44453456019735e+06 1.08033148690647e-03
2720 1.36000000000007e-08 3.22120662750931e+09 2.46111185156791e+06 2.44721821227098e+06 1.07746188872433e-03
2752 1.37600000000008e-08 3.22120662750931e+09 2.44505392099856e+06 2.44959005777752e+06 1.07445371732060e-03
2784 1.39200000000008e-08 3.22120662750931e+09 2.42868515323707e+06 2.45177856254387e+06 1.07135245317894e-03
2816 1.40800000000008e-08 3.22120662750931e+09 2.41196502454926e+06 2.45379777324820e+06 1.06815284503623e-03
2848 1.42400000000008e-08 3.22120662750931e+09 2.39494992366294e+06 2.45571878003633e+06 1.06488353057491e-03
2880 1.44000000000009e-08 3.22120662750931e+09 2.37764580395539e+06 2.45755816156280e+06 1.06155016536247e-03
2912 1.45600000000009e-08 3.22120662750931e+09 2.36005784850264e+06 2.45941164299250e+06 1.05817602531678e-03
2944 1.47200000000009e-08 3.22120662750931e+09 2.34221189246298e+06 2.46127236151290e+06 1.05476608026495e-03
2976 1.48800000000009e-08 3.22120662750931e+09 2.32408640062714e+06 2.46317777645862e+06 1.05132512188483e-03
